(kicad_pcb (version 20171130) (host pcbnew 5.1.6)

  (general
    (thickness 1.6)
    (drawings 0)
    (tracks 0)
    (zones 0)
    (modules 33)
    (nets 27)
  )

  (page A4)
  (layers
    (0 F.Cu signal)
    (31 B.Cu signal)
    (32 B.Adhes user)
    (33 F.Adhes user)
    (34 B.Paste user)
    (35 F.Paste user)
    (36 B.SilkS user)
    (37 F.SilkS user)
    (38 B.Mask user)
    (39 F.Mask user)
    (40 Dwgs.User user)
    (41 Cmts.User user)
    (42 Eco1.User user)
    (43 Eco2.User user)
    (44 Edge.Cuts user)
    (45 Margin user)
    (46 B.CrtYd user)
    (47 F.CrtYd user)
    (48 B.Fab user)
    (49 F.Fab user)
  )

  (setup
    (last_trace_width 0.25)
    (trace_clearance 0.2)
    (zone_clearance 0.508)
    (zone_45_only no)
    (trace_min 0.2)
    (via_size 0.8)
    (via_drill 0.4)
    (via_min_size 0.4)
    (via_min_drill 0.3)
    (uvia_size 0.3)
    (uvia_drill 0.1)
    (uvias_allowed no)
    (uvia_min_size 0.2)
    (uvia_min_drill 0.1)
    (edge_width 0.05)
    (segment_width 0.2)
    (pcb_text_width 0.3)
    (pcb_text_size 1.5 1.5)
    (mod_edge_width 0.12)
    (mod_text_size 1 1)
    (mod_text_width 0.15)
    (pad_size 1.524 1.524)
    (pad_drill 0.762)
    (pad_to_mask_clearance 0.05)
    (aux_axis_origin 0 0)
    (visible_elements FFFFFF7F)
    (pcbplotparams
      (layerselection 0x010fc_ffffffff)
      (usegerberextensions false)
      (usegerberattributes true)
      (usegerberadvancedattributes true)
      (creategerberjobfile true)
      (excludeedgelayer true)
      (linewidth 0.100000)
      (plotframeref false)
      (viasonmask false)
      (mode 1)
      (useauxorigin false)
      (hpglpennumber 1)
      (hpglpenspeed 20)
      (hpglpendiameter 15.000000)
      (psnegative false)
      (psa4output false)
      (plotreference true)
      (plotvalue true)
      (plotinvisibletext false)
      (padsonsilk false)
      (subtractmaskfromsilk false)
      (outputformat 1)
      (mirror false)
      (drillshape 1)
      (scaleselection 1)
      (outputdirectory ""))
  )

  (net 0 "")
  (net 1 GNDREF)
  (net 2 "Net-(D1-Pad2)")
  (net 3 "Net-(D2-Pad2)")
  (net 4 "Net-(D3-Pad2)")
  (net 5 "Net-(D4-Pad2)")
  (net 6 "Net-(D5-Pad1)")
  (net 7 "Net-(D6-Pad1)")
  (net 8 "Net-(D7-Pad2)")
  (net 9 "Net-(D8-Pad1)")
  (net 10 "Net-(D9-Pad1)")
  (net 11 "Net-(J1-Pad1)")
  (net 12 "Net-(J2-Pad1)")
  (net 13 "Net-(J3-Pad1)")
  (net 14 "Net-(J4-Pad1)")
  (net 15 "Net-(J5-Pad1)")
  (net 16 "Net-(JP1-Pad3)")
  (net 17 +5V)
  (net 18 "Net-(K1-Pad14)")
  (net 19 "Net-(SW1-Pad2)")
  (net 20 "Net-(SW2-Pad2)")
  (net 21 "Net-(SW3-Pad2)")
  (net 22 "Net-(SW4-Pad2)")
  (net 23 "Net-(Q1-Pad1)")
  (net 24 "Net-(Q2-Pad1)")
  (net 25 "Net-(Q3-Pad1)")
  (net 26 "Net-(Q4-Pad1)")

  (net_class Default "This is the default net class."
    (clearance 0.2)
    (trace_width 0.25)
    (via_dia 0.8)
    (via_drill 0.4)
    (uvia_dia 0.3)
    (uvia_drill 0.1)
    (add_net +5V)
    (add_net GNDREF)
    (add_net "Net-(D1-Pad2)")
    (add_net "Net-(D2-Pad2)")
    (add_net "Net-(D3-Pad2)")
    (add_net "Net-(D4-Pad2)")
    (add_net "Net-(D5-Pad1)")
    (add_net "Net-(D6-Pad1)")
    (add_net "Net-(D7-Pad2)")
    (add_net "Net-(D8-Pad1)")
    (add_net "Net-(D9-Pad1)")
    (add_net "Net-(J1-Pad1)")
    (add_net "Net-(J2-Pad1)")
    (add_net "Net-(J3-Pad1)")
    (add_net "Net-(J4-Pad1)")
    (add_net "Net-(J5-Pad1)")
    (add_net "Net-(JP1-Pad3)")
    (add_net "Net-(K1-Pad14)")
    (add_net "Net-(Q1-Pad1)")
    (add_net "Net-(Q2-Pad1)")
    (add_net "Net-(Q3-Pad1)")
    (add_net "Net-(Q4-Pad1)")
    (add_net "Net-(SW1-Pad2)")
    (add_net "Net-(SW2-Pad2)")
    (add_net "Net-(SW3-Pad2)")
    (add_net "Net-(SW4-Pad2)")
  )

  (module LEDs:LED_D5.0mm (layer F.Cu) (tedit 5995936A) (tstamp 5EE573E0)
    (at 98.446501 38.875001)
    (descr "LED, diameter 5.0mm, 2 pins, http://cdn-reichelt.de/documents/datenblatt/A500/LL-504BC2E-009.pdf")
    (tags "LED diameter 5.0mm 2 pins")
    (path /5EDF883F)
    (fp_text reference D1 (at 1.27 -3.96) (layer F.SilkS)
      (effects (font (size 1 1) (thickness 0.15)))
    )
    (fp_text value TRX2_LED (at 1.27 3.96) (layer F.Fab)
      (effects (font (size 1 1) (thickness 0.15)))
    )
    (fp_line (start 4.5 -3.25) (end -1.95 -3.25) (layer F.CrtYd) (width 0.05))
    (fp_line (start 4.5 3.25) (end 4.5 -3.25) (layer F.CrtYd) (width 0.05))
    (fp_line (start -1.95 3.25) (end 4.5 3.25) (layer F.CrtYd) (width 0.05))
    (fp_line (start -1.95 -3.25) (end -1.95 3.25) (layer F.CrtYd) (width 0.05))
    (fp_line (start -1.29 -1.545) (end -1.29 1.545) (layer F.SilkS) (width 0.12))
    (fp_line (start -1.23 -1.469694) (end -1.23 1.469694) (layer F.Fab) (width 0.1))
    (fp_circle (center 1.27 0) (end 3.77 0) (layer F.SilkS) (width 0.12))
    (fp_circle (center 1.27 0) (end 3.77 0) (layer F.Fab) (width 0.1))
    (fp_arc (start 1.27 0) (end -1.23 -1.469694) (angle 299.1) (layer F.Fab) (width 0.1))
    (fp_arc (start 1.27 0) (end -1.29 -1.54483) (angle 148.9) (layer F.SilkS) (width 0.12))
    (fp_arc (start 1.27 0) (end -1.29 1.54483) (angle -148.9) (layer F.SilkS) (width 0.12))
    (fp_text user %R (at 1.25 0) (layer F.Fab)
      (effects (font (size 0.8 0.8) (thickness 0.2)))
    )
    (pad 1 thru_hole rect (at 0 0) (size 1.8 1.8) (drill 0.9) (layers *.Cu *.Mask)
      (net 1 GNDREF))
    (pad 2 thru_hole circle (at 2.54 0) (size 1.8 1.8) (drill 0.9) (layers *.Cu *.Mask)
      (net 2 "Net-(D1-Pad2)"))
    (model ${KISYS3DMOD}/LEDs.3dshapes/LED_D5.0mm.wrl
      (at (xyz 0 0 0))
      (scale (xyz 0.393701 0.393701 0.393701))
      (rotate (xyz 0 0 0))
    )
  )

  (module LEDs:LED_D5.0mm (layer F.Cu) (tedit 5995936A) (tstamp 5EE573F2)
    (at 77.846501 56.655001)
    (descr "LED, diameter 5.0mm, 2 pins, http://cdn-reichelt.de/documents/datenblatt/A500/LL-504BC2E-009.pdf")
    (tags "LED diameter 5.0mm 2 pins")
    (path /5EDF9C71)
    (fp_text reference D2 (at 1.27 -3.96) (layer F.SilkS)
      (effects (font (size 1 1) (thickness 0.15)))
    )
    (fp_text value TRX_UKW_LED (at 1.27 3.96) (layer F.Fab)
      (effects (font (size 1 1) (thickness 0.15)))
    )
    (fp_circle (center 1.27 0) (end 3.77 0) (layer F.Fab) (width 0.1))
    (fp_circle (center 1.27 0) (end 3.77 0) (layer F.SilkS) (width 0.12))
    (fp_line (start -1.23 -1.469694) (end -1.23 1.469694) (layer F.Fab) (width 0.1))
    (fp_line (start -1.29 -1.545) (end -1.29 1.545) (layer F.SilkS) (width 0.12))
    (fp_line (start -1.95 -3.25) (end -1.95 3.25) (layer F.CrtYd) (width 0.05))
    (fp_line (start -1.95 3.25) (end 4.5 3.25) (layer F.CrtYd) (width 0.05))
    (fp_line (start 4.5 3.25) (end 4.5 -3.25) (layer F.CrtYd) (width 0.05))
    (fp_line (start 4.5 -3.25) (end -1.95 -3.25) (layer F.CrtYd) (width 0.05))
    (fp_text user %R (at 1.25 0) (layer F.Fab)
      (effects (font (size 0.8 0.8) (thickness 0.2)))
    )
    (fp_arc (start 1.27 0) (end -1.29 1.54483) (angle -148.9) (layer F.SilkS) (width 0.12))
    (fp_arc (start 1.27 0) (end -1.29 -1.54483) (angle 148.9) (layer F.SilkS) (width 0.12))
    (fp_arc (start 1.27 0) (end -1.23 -1.469694) (angle 299.1) (layer F.Fab) (width 0.1))
    (pad 2 thru_hole circle (at 2.54 0) (size 1.8 1.8) (drill 0.9) (layers *.Cu *.Mask)
      (net 3 "Net-(D2-Pad2)"))
    (pad 1 thru_hole rect (at 0 0) (size 1.8 1.8) (drill 0.9) (layers *.Cu *.Mask)
      (net 1 GNDREF))
    (model ${KISYS3DMOD}/LEDs.3dshapes/LED_D5.0mm.wrl
      (at (xyz 0 0 0))
      (scale (xyz 0.393701 0.393701 0.393701))
      (rotate (xyz 0 0 0))
    )
  )

  (module LEDs:LED_D5.0mm (layer F.Cu) (tedit 5995936A) (tstamp 5EE57404)
    (at 70.346501 64.655001)
    (descr "LED, diameter 5.0mm, 2 pins, http://cdn-reichelt.de/documents/datenblatt/A500/LL-504BC2E-009.pdf")
    (tags "LED diameter 5.0mm 2 pins")
    (path /5EDE48A3)
    (fp_text reference D3 (at 1.27 -3.96) (layer F.SilkS)
      (effects (font (size 1 1) (thickness 0.15)))
    )
    (fp_text value RelayPWR_LED (at 1.27 3.96) (layer F.Fab)
      (effects (font (size 1 1) (thickness 0.15)))
    )
    (fp_circle (center 1.27 0) (end 3.77 0) (layer F.Fab) (width 0.1))
    (fp_circle (center 1.27 0) (end 3.77 0) (layer F.SilkS) (width 0.12))
    (fp_line (start -1.23 -1.469694) (end -1.23 1.469694) (layer F.Fab) (width 0.1))
    (fp_line (start -1.29 -1.545) (end -1.29 1.545) (layer F.SilkS) (width 0.12))
    (fp_line (start -1.95 -3.25) (end -1.95 3.25) (layer F.CrtYd) (width 0.05))
    (fp_line (start -1.95 3.25) (end 4.5 3.25) (layer F.CrtYd) (width 0.05))
    (fp_line (start 4.5 3.25) (end 4.5 -3.25) (layer F.CrtYd) (width 0.05))
    (fp_line (start 4.5 -3.25) (end -1.95 -3.25) (layer F.CrtYd) (width 0.05))
    (fp_text user %R (at 1.25 0) (layer F.Fab)
      (effects (font (size 0.8 0.8) (thickness 0.2)))
    )
    (fp_arc (start 1.27 0) (end -1.29 1.54483) (angle -148.9) (layer F.SilkS) (width 0.12))
    (fp_arc (start 1.27 0) (end -1.29 -1.54483) (angle 148.9) (layer F.SilkS) (width 0.12))
    (fp_arc (start 1.27 0) (end -1.23 -1.469694) (angle 299.1) (layer F.Fab) (width 0.1))
    (pad 2 thru_hole circle (at 2.54 0) (size 1.8 1.8) (drill 0.9) (layers *.Cu *.Mask)
      (net 4 "Net-(D3-Pad2)"))
    (pad 1 thru_hole rect (at 0 0) (size 1.8 1.8) (drill 0.9) (layers *.Cu *.Mask)
      (net 1 GNDREF))
    (model ${KISYS3DMOD}/LEDs.3dshapes/LED_D5.0mm.wrl
      (at (xyz 0 0 0))
      (scale (xyz 0.393701 0.393701 0.393701))
      (rotate (xyz 0 0 0))
    )
  )

  (module LEDs:LED_D5.0mm (layer F.Cu) (tedit 5995936A) (tstamp 5EE57416)
    (at 107.546501 30.875001)
    (descr "LED, diameter 5.0mm, 2 pins, http://cdn-reichelt.de/documents/datenblatt/A500/LL-504BC2E-009.pdf")
    (tags "LED diameter 5.0mm 2 pins")
    (path /5EE30733)
    (fp_text reference D4 (at 1.27 -3.96) (layer F.SilkS)
      (effects (font (size 1 1) (thickness 0.15)))
    )
    (fp_text value ANT1_LED (at 1.27 3.96) (layer F.Fab)
      (effects (font (size 1 1) (thickness 0.15)))
    )
    (fp_line (start 4.5 -3.25) (end -1.95 -3.25) (layer F.CrtYd) (width 0.05))
    (fp_line (start 4.5 3.25) (end 4.5 -3.25) (layer F.CrtYd) (width 0.05))
    (fp_line (start -1.95 3.25) (end 4.5 3.25) (layer F.CrtYd) (width 0.05))
    (fp_line (start -1.95 -3.25) (end -1.95 3.25) (layer F.CrtYd) (width 0.05))
    (fp_line (start -1.29 -1.545) (end -1.29 1.545) (layer F.SilkS) (width 0.12))
    (fp_line (start -1.23 -1.469694) (end -1.23 1.469694) (layer F.Fab) (width 0.1))
    (fp_circle (center 1.27 0) (end 3.77 0) (layer F.SilkS) (width 0.12))
    (fp_circle (center 1.27 0) (end 3.77 0) (layer F.Fab) (width 0.1))
    (fp_arc (start 1.27 0) (end -1.23 -1.469694) (angle 299.1) (layer F.Fab) (width 0.1))
    (fp_arc (start 1.27 0) (end -1.29 -1.54483) (angle 148.9) (layer F.SilkS) (width 0.12))
    (fp_arc (start 1.27 0) (end -1.29 1.54483) (angle -148.9) (layer F.SilkS) (width 0.12))
    (fp_text user %R (at 1.25 0) (layer F.Fab)
      (effects (font (size 0.8 0.8) (thickness 0.2)))
    )
    (pad 1 thru_hole rect (at 0 0) (size 1.8 1.8) (drill 0.9) (layers *.Cu *.Mask)
      (net 1 GNDREF))
    (pad 2 thru_hole circle (at 2.54 0) (size 1.8 1.8) (drill 0.9) (layers *.Cu *.Mask)
      (net 5 "Net-(D4-Pad2)"))
    (model ${KISYS3DMOD}/LEDs.3dshapes/LED_D5.0mm.wrl
      (at (xyz 0 0 0))
      (scale (xyz 0.393701 0.393701 0.393701))
      (rotate (xyz 0 0 0))
    )
  )

  (module TO_SOT_Packages_SMD:SOT-23 (layer F.Cu) (tedit 58CE4E7E) (tstamp 5EE5742B)
    (at 157.734 74.168)
    (descr "SOT-23, Standard")
    (tags SOT-23)
    (path /5EDD7DC0)
    (attr smd)
    (fp_text reference D5 (at 0 -2.5) (layer F.SilkS)
      (effects (font (size 1 1) (thickness 0.15)))
    )
    (fp_text value D (at 0 2.5) (layer F.Fab)
      (effects (font (size 1 1) (thickness 0.15)))
    )
    (fp_line (start -0.7 -0.95) (end -0.7 1.5) (layer F.Fab) (width 0.1))
    (fp_line (start -0.15 -1.52) (end 0.7 -1.52) (layer F.Fab) (width 0.1))
    (fp_line (start -0.7 -0.95) (end -0.15 -1.52) (layer F.Fab) (width 0.1))
    (fp_line (start 0.7 -1.52) (end 0.7 1.52) (layer F.Fab) (width 0.1))
    (fp_line (start -0.7 1.52) (end 0.7 1.52) (layer F.Fab) (width 0.1))
    (fp_line (start 0.76 1.58) (end 0.76 0.65) (layer F.SilkS) (width 0.12))
    (fp_line (start 0.76 -1.58) (end 0.76 -0.65) (layer F.SilkS) (width 0.12))
    (fp_line (start -1.7 -1.75) (end 1.7 -1.75) (layer F.CrtYd) (width 0.05))
    (fp_line (start 1.7 -1.75) (end 1.7 1.75) (layer F.CrtYd) (width 0.05))
    (fp_line (start 1.7 1.75) (end -1.7 1.75) (layer F.CrtYd) (width 0.05))
    (fp_line (start -1.7 1.75) (end -1.7 -1.75) (layer F.CrtYd) (width 0.05))
    (fp_line (start 0.76 -1.58) (end -1.4 -1.58) (layer F.SilkS) (width 0.12))
    (fp_line (start 0.76 1.58) (end -0.7 1.58) (layer F.SilkS) (width 0.12))
    (fp_text user %R (at 0 0 90) (layer F.Fab)
      (effects (font (size 0.5 0.5) (thickness 0.075)))
    )
    (pad 3 smd rect (at 1 0) (size 0.9 0.8) (layers F.Cu F.Paste F.Mask))
    (pad 2 smd rect (at -1 0.95) (size 0.9 0.8) (layers F.Cu F.Paste F.Mask)
      (net 1 GNDREF))
    (pad 1 smd rect (at -1 -0.95) (size 0.9 0.8) (layers F.Cu F.Paste F.Mask)
      (net 6 "Net-(D5-Pad1)"))
    (model ${KISYS3DMOD}/TO_SOT_Packages_SMD.3dshapes/SOT-23.wrl
      (at (xyz 0 0 0))
      (scale (xyz 1 1 1))
      (rotate (xyz 0 0 0))
    )
  )

  (module TO_SOT_Packages_SMD:SOT-23 (layer F.Cu) (tedit 58CE4E7E) (tstamp 5EEE96D7)
    (at 154.686 91.44)
    (descr "SOT-23, Standard")
    (tags SOT-23)
    (path /5EDF950F)
    (attr smd)
    (fp_text reference D6 (at 0 -2.5) (layer F.SilkS)
      (effects (font (size 1 1) (thickness 0.15)))
    )
    (fp_text value D (at 0 2.5) (layer F.Fab)
      (effects (font (size 1 1) (thickness 0.15)))
    )
    (fp_line (start 0.76 1.58) (end -0.7 1.58) (layer F.SilkS) (width 0.12))
    (fp_line (start 0.76 -1.58) (end -1.4 -1.58) (layer F.SilkS) (width 0.12))
    (fp_line (start -1.7 1.75) (end -1.7 -1.75) (layer F.CrtYd) (width 0.05))
    (fp_line (start 1.7 1.75) (end -1.7 1.75) (layer F.CrtYd) (width 0.05))
    (fp_line (start 1.7 -1.75) (end 1.7 1.75) (layer F.CrtYd) (width 0.05))
    (fp_line (start -1.7 -1.75) (end 1.7 -1.75) (layer F.CrtYd) (width 0.05))
    (fp_line (start 0.76 -1.58) (end 0.76 -0.65) (layer F.SilkS) (width 0.12))
    (fp_line (start 0.76 1.58) (end 0.76 0.65) (layer F.SilkS) (width 0.12))
    (fp_line (start -0.7 1.52) (end 0.7 1.52) (layer F.Fab) (width 0.1))
    (fp_line (start 0.7 -1.52) (end 0.7 1.52) (layer F.Fab) (width 0.1))
    (fp_line (start -0.7 -0.95) (end -0.15 -1.52) (layer F.Fab) (width 0.1))
    (fp_line (start -0.15 -1.52) (end 0.7 -1.52) (layer F.Fab) (width 0.1))
    (fp_line (start -0.7 -0.95) (end -0.7 1.5) (layer F.Fab) (width 0.1))
    (fp_text user %R (at 0 0 90) (layer F.Fab)
      (effects (font (size 0.5 0.5) (thickness 0.075)))
    )
    (pad 1 smd rect (at -1 -0.95) (size 0.9 0.8) (layers F.Cu F.Paste F.Mask)
      (net 7 "Net-(D6-Pad1)"))
    (pad 2 smd rect (at -1 0.95) (size 0.9 0.8) (layers F.Cu F.Paste F.Mask)
      (net 1 GNDREF))
    (pad 3 smd rect (at 1 0) (size 0.9 0.8) (layers F.Cu F.Paste F.Mask))
    (model ${KISYS3DMOD}/TO_SOT_Packages_SMD.3dshapes/SOT-23.wrl
      (at (xyz 0 0 0))
      (scale (xyz 1 1 1))
      (rotate (xyz 0 0 0))
    )
  )

  (module LEDs:LED_D5.0mm (layer F.Cu) (tedit 5995936A) (tstamp 5EE57452)
    (at 118.096501 22.325001)
    (descr "LED, diameter 5.0mm, 2 pins, http://cdn-reichelt.de/documents/datenblatt/A500/LL-504BC2E-009.pdf")
    (tags "LED diameter 5.0mm 2 pins")
    (path /5EE00A22)
    (fp_text reference D7 (at 1.27 -3.96) (layer F.SilkS)
      (effects (font (size 1 1) (thickness 0.15)))
    )
    (fp_text value ANT2_LED (at 1.27 3.96) (layer F.Fab)
      (effects (font (size 1 1) (thickness 0.15)))
    )
    (fp_circle (center 1.27 0) (end 3.77 0) (layer F.Fab) (width 0.1))
    (fp_circle (center 1.27 0) (end 3.77 0) (layer F.SilkS) (width 0.12))
    (fp_line (start -1.23 -1.469694) (end -1.23 1.469694) (layer F.Fab) (width 0.1))
    (fp_line (start -1.29 -1.545) (end -1.29 1.545) (layer F.SilkS) (width 0.12))
    (fp_line (start -1.95 -3.25) (end -1.95 3.25) (layer F.CrtYd) (width 0.05))
    (fp_line (start -1.95 3.25) (end 4.5 3.25) (layer F.CrtYd) (width 0.05))
    (fp_line (start 4.5 3.25) (end 4.5 -3.25) (layer F.CrtYd) (width 0.05))
    (fp_line (start 4.5 -3.25) (end -1.95 -3.25) (layer F.CrtYd) (width 0.05))
    (fp_text user %R (at 1.25 0) (layer F.Fab)
      (effects (font (size 0.8 0.8) (thickness 0.2)))
    )
    (fp_arc (start 1.27 0) (end -1.29 1.54483) (angle -148.9) (layer F.SilkS) (width 0.12))
    (fp_arc (start 1.27 0) (end -1.29 -1.54483) (angle 148.9) (layer F.SilkS) (width 0.12))
    (fp_arc (start 1.27 0) (end -1.23 -1.469694) (angle 299.1) (layer F.Fab) (width 0.1))
    (pad 2 thru_hole circle (at 2.54 0) (size 1.8 1.8) (drill 0.9) (layers *.Cu *.Mask)
      (net 8 "Net-(D7-Pad2)"))
    (pad 1 thru_hole rect (at 0 0) (size 1.8 1.8) (drill 0.9) (layers *.Cu *.Mask)
      (net 1 GNDREF))
    (model ${KISYS3DMOD}/LEDs.3dshapes/LED_D5.0mm.wrl
      (at (xyz 0 0 0))
      (scale (xyz 0.393701 0.393701 0.393701))
      (rotate (xyz 0 0 0))
    )
  )

  (module TO_SOT_Packages_SMD:SOT-23 (layer F.Cu) (tedit 58CE4E7E) (tstamp 5EE57467)
    (at 195.326 68.834)
    (descr "SOT-23, Standard")
    (tags SOT-23)
    (path /5EDD0315)
    (attr smd)
    (fp_text reference D8 (at 0 -2.5) (layer F.SilkS)
      (effects (font (size 1 1) (thickness 0.15)))
    )
    (fp_text value D (at 0 2.5) (layer F.Fab)
      (effects (font (size 1 1) (thickness 0.15)))
    )
    (fp_line (start 0.76 1.58) (end -0.7 1.58) (layer F.SilkS) (width 0.12))
    (fp_line (start 0.76 -1.58) (end -1.4 -1.58) (layer F.SilkS) (width 0.12))
    (fp_line (start -1.7 1.75) (end -1.7 -1.75) (layer F.CrtYd) (width 0.05))
    (fp_line (start 1.7 1.75) (end -1.7 1.75) (layer F.CrtYd) (width 0.05))
    (fp_line (start 1.7 -1.75) (end 1.7 1.75) (layer F.CrtYd) (width 0.05))
    (fp_line (start -1.7 -1.75) (end 1.7 -1.75) (layer F.CrtYd) (width 0.05))
    (fp_line (start 0.76 -1.58) (end 0.76 -0.65) (layer F.SilkS) (width 0.12))
    (fp_line (start 0.76 1.58) (end 0.76 0.65) (layer F.SilkS) (width 0.12))
    (fp_line (start -0.7 1.52) (end 0.7 1.52) (layer F.Fab) (width 0.1))
    (fp_line (start 0.7 -1.52) (end 0.7 1.52) (layer F.Fab) (width 0.1))
    (fp_line (start -0.7 -0.95) (end -0.15 -1.52) (layer F.Fab) (width 0.1))
    (fp_line (start -0.15 -1.52) (end 0.7 -1.52) (layer F.Fab) (width 0.1))
    (fp_line (start -0.7 -0.95) (end -0.7 1.5) (layer F.Fab) (width 0.1))
    (fp_text user %R (at 0 0 90) (layer F.Fab)
      (effects (font (size 0.5 0.5) (thickness 0.075)))
    )
    (pad 1 smd rect (at -1 -0.95) (size 0.9 0.8) (layers F.Cu F.Paste F.Mask)
      (net 9 "Net-(D8-Pad1)"))
    (pad 2 smd rect (at -1 0.95) (size 0.9 0.8) (layers F.Cu F.Paste F.Mask)
      (net 1 GNDREF))
    (pad 3 smd rect (at 1 0) (size 0.9 0.8) (layers F.Cu F.Paste F.Mask))
    (model ${KISYS3DMOD}/TO_SOT_Packages_SMD.3dshapes/SOT-23.wrl
      (at (xyz 0 0 0))
      (scale (xyz 1 1 1))
      (rotate (xyz 0 0 0))
    )
  )

  (module TO_SOT_Packages_SMD:SOT-23 (layer F.Cu) (tedit 58CE4E7E) (tstamp 5EEE931B)
    (at 198.12 75.946)
    (descr "SOT-23, Standard")
    (tags SOT-23)
    (path /5EDD8BFF)
    (attr smd)
    (fp_text reference D9 (at 0 -2.5) (layer F.SilkS)
      (effects (font (size 1 1) (thickness 0.15)))
    )
    (fp_text value D (at 0 2.5) (layer F.Fab)
      (effects (font (size 1 1) (thickness 0.15)))
    )
    (fp_line (start -0.7 -0.95) (end -0.7 1.5) (layer F.Fab) (width 0.1))
    (fp_line (start -0.15 -1.52) (end 0.7 -1.52) (layer F.Fab) (width 0.1))
    (fp_line (start -0.7 -0.95) (end -0.15 -1.52) (layer F.Fab) (width 0.1))
    (fp_line (start 0.7 -1.52) (end 0.7 1.52) (layer F.Fab) (width 0.1))
    (fp_line (start -0.7 1.52) (end 0.7 1.52) (layer F.Fab) (width 0.1))
    (fp_line (start 0.76 1.58) (end 0.76 0.65) (layer F.SilkS) (width 0.12))
    (fp_line (start 0.76 -1.58) (end 0.76 -0.65) (layer F.SilkS) (width 0.12))
    (fp_line (start -1.7 -1.75) (end 1.7 -1.75) (layer F.CrtYd) (width 0.05))
    (fp_line (start 1.7 -1.75) (end 1.7 1.75) (layer F.CrtYd) (width 0.05))
    (fp_line (start 1.7 1.75) (end -1.7 1.75) (layer F.CrtYd) (width 0.05))
    (fp_line (start -1.7 1.75) (end -1.7 -1.75) (layer F.CrtYd) (width 0.05))
    (fp_line (start 0.76 -1.58) (end -1.4 -1.58) (layer F.SilkS) (width 0.12))
    (fp_line (start 0.76 1.58) (end -0.7 1.58) (layer F.SilkS) (width 0.12))
    (fp_text user %R (at 0 0 90) (layer F.Fab)
      (effects (font (size 0.5 0.5) (thickness 0.075)))
    )
    (pad 3 smd rect (at 1 0) (size 0.9 0.8) (layers F.Cu F.Paste F.Mask))
    (pad 2 smd rect (at -1 0.95) (size 0.9 0.8) (layers F.Cu F.Paste F.Mask)
      (net 1 GNDREF))
    (pad 1 smd rect (at -1 -0.95) (size 0.9 0.8) (layers F.Cu F.Paste F.Mask)
      (net 10 "Net-(D9-Pad1)"))
    (model ${KISYS3DMOD}/TO_SOT_Packages_SMD.3dshapes/SOT-23.wrl
      (at (xyz 0 0 0))
      (scale (xyz 1 1 1))
      (rotate (xyz 0 0 0))
    )
  )

  (module Connectors:BARREL_JACK (layer F.Cu) (tedit 5861378E) (tstamp 5EE5749B)
    (at 138.1125 75.8825 90)
    (descr "DC Barrel Jack")
    (tags "Power Jack")
    (path /5ECDEBC3)
    (fp_text reference J1 (at -8.45 5.75 270) (layer F.SilkS)
      (effects (font (size 1 1) (thickness 0.15)))
    )
    (fp_text value Barrel_Jack (at -6.2 -5.5 90) (layer F.Fab)
      (effects (font (size 1 1) (thickness 0.15)))
    )
    (fp_line (start 1 -4.5) (end 1 -4.75) (layer F.CrtYd) (width 0.05))
    (fp_line (start 1 -4.75) (end -14 -4.75) (layer F.CrtYd) (width 0.05))
    (fp_line (start 1 -4.5) (end 1 -2) (layer F.CrtYd) (width 0.05))
    (fp_line (start 1 -2) (end 2 -2) (layer F.CrtYd) (width 0.05))
    (fp_line (start 2 -2) (end 2 2) (layer F.CrtYd) (width 0.05))
    (fp_line (start 2 2) (end 1 2) (layer F.CrtYd) (width 0.05))
    (fp_line (start 1 2) (end 1 4.75) (layer F.CrtYd) (width 0.05))
    (fp_line (start 1 4.75) (end -1 4.75) (layer F.CrtYd) (width 0.05))
    (fp_line (start -1 4.75) (end -1 6.75) (layer F.CrtYd) (width 0.05))
    (fp_line (start -1 6.75) (end -5 6.75) (layer F.CrtYd) (width 0.05))
    (fp_line (start -5 6.75) (end -5 4.75) (layer F.CrtYd) (width 0.05))
    (fp_line (start -5 4.75) (end -14 4.75) (layer F.CrtYd) (width 0.05))
    (fp_line (start -14 4.75) (end -14 -4.75) (layer F.CrtYd) (width 0.05))
    (fp_line (start -5 4.6) (end -13.8 4.6) (layer F.SilkS) (width 0.12))
    (fp_line (start -13.8 4.6) (end -13.8 -4.6) (layer F.SilkS) (width 0.12))
    (fp_line (start 0.9 1.9) (end 0.9 4.6) (layer F.SilkS) (width 0.12))
    (fp_line (start 0.9 4.6) (end -1 4.6) (layer F.SilkS) (width 0.12))
    (fp_line (start -13.8 -4.6) (end 0.9 -4.6) (layer F.SilkS) (width 0.12))
    (fp_line (start 0.9 -4.6) (end 0.9 -2) (layer F.SilkS) (width 0.12))
    (fp_line (start -10.2 -4.5) (end -10.2 4.5) (layer F.Fab) (width 0.1))
    (fp_line (start -13.7 -4.5) (end -13.7 4.5) (layer F.Fab) (width 0.1))
    (fp_line (start -13.7 4.5) (end 0.8 4.5) (layer F.Fab) (width 0.1))
    (fp_line (start 0.8 4.5) (end 0.8 -4.5) (layer F.Fab) (width 0.1))
    (fp_line (start 0.8 -4.5) (end -13.7 -4.5) (layer F.Fab) (width 0.1))
    (pad 3 thru_hole rect (at -3 4.7 90) (size 3.5 3.5) (drill oval 3 1) (layers *.Cu *.Mask))
    (pad 2 thru_hole rect (at -6 0 90) (size 3.5 3.5) (drill oval 1 3) (layers *.Cu *.Mask)
      (net 1 GNDREF))
    (pad 1 thru_hole rect (at 0 0 90) (size 3.5 3.5) (drill oval 1 3) (layers *.Cu *.Mask)
      (net 11 "Net-(J1-Pad1)"))
  )

  (module Connectors_Molex:Molex_SMA_Jack_Edge_Mount (layer F.Cu) (tedit 587D2992) (tstamp 5EE574C0)
    (at 107.384 149.352)
    (descr "Molex SMA Jack, Edge Mount, http://www.molex.com/pdm_docs/sd/732511150_sd.pdf")
    (tags "sma edge")
    (path /5EC9F89B)
    (attr smd)
    (fp_text reference J2 (at -1.72 7.11) (layer F.SilkS)
      (effects (font (size 1 1) (thickness 0.15)))
    )
    (fp_text value TRX_UKW (at -1.72 -7.11) (layer F.Fab)
      (effects (font (size 1 1) (thickness 0.15)))
    )
    (fp_line (start -5.91 4.76) (end 0.49 4.76) (layer F.Fab) (width 0.1))
    (fp_line (start -5.91 -4.76) (end -5.91 4.76) (layer F.Fab) (width 0.1))
    (fp_line (start 0.49 -4.76) (end -5.91 -4.76) (layer F.Fab) (width 0.1))
    (fp_line (start -4.76 -3.75) (end -4.76 3.75) (layer F.Fab) (width 0.1))
    (fp_line (start -13.79 2.65) (end -5.91 2.65) (layer F.Fab) (width 0.1))
    (fp_line (start -13.79 -2.65) (end -13.79 2.65) (layer F.Fab) (width 0.1))
    (fp_line (start -13.79 -2.65) (end -5.91 -2.65) (layer F.Fab) (width 0.1))
    (fp_line (start -4.76 3.75) (end 0.49 3.75) (layer F.Fab) (width 0.1))
    (fp_line (start -4.76 -3.75) (end 0.49 -3.75) (layer F.Fab) (width 0.1))
    (fp_line (start 2.71 -6.09) (end -14.29 -6.09) (layer F.CrtYd) (width 0.05))
    (fp_line (start 2.71 -6.09) (end 2.71 6.09) (layer F.CrtYd) (width 0.05))
    (fp_line (start -14.29 6.09) (end 2.71 6.09) (layer B.CrtYd) (width 0.05))
    (fp_line (start -14.29 -6.09) (end -14.29 6.09) (layer B.CrtYd) (width 0.05))
    (fp_line (start -14.29 -6.09) (end 2.71 -6.09) (layer B.CrtYd) (width 0.05))
    (fp_line (start 2.71 -6.09) (end 2.71 6.09) (layer B.CrtYd) (width 0.05))
    (fp_line (start -14.29 6.09) (end 2.71 6.09) (layer F.CrtYd) (width 0.05))
    (fp_line (start -14.29 -6.09) (end -14.29 6.09) (layer F.CrtYd) (width 0.05))
    (fp_line (start 0.49 -4.76) (end 0.49 -3.75) (layer F.Fab) (width 0.1))
    (fp_line (start 0.49 3.75) (end 0.49 4.76) (layer F.Fab) (width 0.1))
    (fp_line (start 0.49 -0.38) (end 0.49 0.38) (layer F.Fab) (width 0.1))
    (fp_line (start -4.76 0.38) (end 0.49 0.38) (layer F.Fab) (width 0.1))
    (fp_line (start -4.76 -0.38) (end 0.49 -0.38) (layer F.Fab) (width 0.1))
    (pad 1 smd rect (at -1.72 0) (size 5.08 2.29) (layers F.Cu F.Paste F.Mask)
      (net 12 "Net-(J2-Pad1)"))
    (pad 2 smd rect (at -1.72 -4.38) (size 5.08 2.42) (layers F.Cu F.Paste F.Mask)
      (net 1 GNDREF))
    (pad 2 smd rect (at -1.72 4.38) (size 5.08 2.42) (layers F.Cu F.Paste F.Mask)
      (net 1 GNDREF))
    (pad 2 smd rect (at -1.72 -4.38) (size 5.08 2.42) (layers B.Cu B.Paste B.Mask)
      (net 1 GNDREF))
    (pad 2 smd rect (at -1.72 4.38) (size 5.08 2.42) (layers B.Cu B.Paste B.Mask)
      (net 1 GNDREF))
    (pad 2 thru_hole circle (at 1.72 -4.38) (size 0.97 0.97) (drill 0.46) (layers *.Cu)
      (net 1 GNDREF))
    (pad 2 thru_hole circle (at 1.72 4.38) (size 0.97 0.97) (drill 0.46) (layers *.Cu)
      (net 1 GNDREF))
    (pad 2 smd rect (at 1.27 -4.38) (size 0.89 0.46) (layers F.Cu)
      (net 1 GNDREF))
    (pad 2 smd rect (at 1.27 4.38) (size 0.89 0.46) (layers F.Cu)
      (net 1 GNDREF))
    (pad 2 smd rect (at 1.27 -4.38) (size 0.89 0.46) (layers B.Cu)
      (net 1 GNDREF))
    (pad 2 smd rect (at 1.27 4.38) (size 0.89 0.46) (layers B.Cu)
      (net 1 GNDREF))
    (model ${KISYS3DMOD}/Connectors_Molex.3dshapes/Molex_SMA_Jack_Edge_Mount.wrl
      (at (xyz 0 0 0))
      (scale (xyz 1 1 1))
      (rotate (xyz 0 0 0))
    )
  )

  (module Connectors_Molex:Molex_SMA_Jack_Edge_Mount (layer F.Cu) (tedit 587D2992) (tstamp 5EE574E5)
    (at 105.225 185.928)
    (descr "Molex SMA Jack, Edge Mount, http://www.molex.com/pdm_docs/sd/732511150_sd.pdf")
    (tags "sma edge")
    (path /5EDF0688)
    (attr smd)
    (fp_text reference J3 (at -1.72 7.11) (layer F.SilkS)
      (effects (font (size 1 1) (thickness 0.15)))
    )
    (fp_text value TRX2 (at -1.72 -7.11) (layer F.Fab)
      (effects (font (size 1 1) (thickness 0.15)))
    )
    (fp_line (start -4.76 -0.38) (end 0.49 -0.38) (layer F.Fab) (width 0.1))
    (fp_line (start -4.76 0.38) (end 0.49 0.38) (layer F.Fab) (width 0.1))
    (fp_line (start 0.49 -0.38) (end 0.49 0.38) (layer F.Fab) (width 0.1))
    (fp_line (start 0.49 3.75) (end 0.49 4.76) (layer F.Fab) (width 0.1))
    (fp_line (start 0.49 -4.76) (end 0.49 -3.75) (layer F.Fab) (width 0.1))
    (fp_line (start -14.29 -6.09) (end -14.29 6.09) (layer F.CrtYd) (width 0.05))
    (fp_line (start -14.29 6.09) (end 2.71 6.09) (layer F.CrtYd) (width 0.05))
    (fp_line (start 2.71 -6.09) (end 2.71 6.09) (layer B.CrtYd) (width 0.05))
    (fp_line (start -14.29 -6.09) (end 2.71 -6.09) (layer B.CrtYd) (width 0.05))
    (fp_line (start -14.29 -6.09) (end -14.29 6.09) (layer B.CrtYd) (width 0.05))
    (fp_line (start -14.29 6.09) (end 2.71 6.09) (layer B.CrtYd) (width 0.05))
    (fp_line (start 2.71 -6.09) (end 2.71 6.09) (layer F.CrtYd) (width 0.05))
    (fp_line (start 2.71 -6.09) (end -14.29 -6.09) (layer F.CrtYd) (width 0.05))
    (fp_line (start -4.76 -3.75) (end 0.49 -3.75) (layer F.Fab) (width 0.1))
    (fp_line (start -4.76 3.75) (end 0.49 3.75) (layer F.Fab) (width 0.1))
    (fp_line (start -13.79 -2.65) (end -5.91 -2.65) (layer F.Fab) (width 0.1))
    (fp_line (start -13.79 -2.65) (end -13.79 2.65) (layer F.Fab) (width 0.1))
    (fp_line (start -13.79 2.65) (end -5.91 2.65) (layer F.Fab) (width 0.1))
    (fp_line (start -4.76 -3.75) (end -4.76 3.75) (layer F.Fab) (width 0.1))
    (fp_line (start 0.49 -4.76) (end -5.91 -4.76) (layer F.Fab) (width 0.1))
    (fp_line (start -5.91 -4.76) (end -5.91 4.76) (layer F.Fab) (width 0.1))
    (fp_line (start -5.91 4.76) (end 0.49 4.76) (layer F.Fab) (width 0.1))
    (pad 2 smd rect (at 1.27 4.38) (size 0.89 0.46) (layers B.Cu)
      (net 1 GNDREF))
    (pad 2 smd rect (at 1.27 -4.38) (size 0.89 0.46) (layers B.Cu)
      (net 1 GNDREF))
    (pad 2 smd rect (at 1.27 4.38) (size 0.89 0.46) (layers F.Cu)
      (net 1 GNDREF))
    (pad 2 smd rect (at 1.27 -4.38) (size 0.89 0.46) (layers F.Cu)
      (net 1 GNDREF))
    (pad 2 thru_hole circle (at 1.72 4.38) (size 0.97 0.97) (drill 0.46) (layers *.Cu)
      (net 1 GNDREF))
    (pad 2 thru_hole circle (at 1.72 -4.38) (size 0.97 0.97) (drill 0.46) (layers *.Cu)
      (net 1 GNDREF))
    (pad 2 smd rect (at -1.72 4.38) (size 5.08 2.42) (layers B.Cu B.Paste B.Mask)
      (net 1 GNDREF))
    (pad 2 smd rect (at -1.72 -4.38) (size 5.08 2.42) (layers B.Cu B.Paste B.Mask)
      (net 1 GNDREF))
    (pad 2 smd rect (at -1.72 4.38) (size 5.08 2.42) (layers F.Cu F.Paste F.Mask)
      (net 1 GNDREF))
    (pad 2 smd rect (at -1.72 -4.38) (size 5.08 2.42) (layers F.Cu F.Paste F.Mask)
      (net 1 GNDREF))
    (pad 1 smd rect (at -1.72 0) (size 5.08 2.29) (layers F.Cu F.Paste F.Mask)
      (net 13 "Net-(J3-Pad1)"))
    (model ${KISYS3DMOD}/Connectors_Molex.3dshapes/Molex_SMA_Jack_Edge_Mount.wrl
      (at (xyz 0 0 0))
      (scale (xyz 1 1 1))
      (rotate (xyz 0 0 0))
    )
  )

  (module Connectors_Molex:Molex_SMA_Jack_Edge_Mount (layer F.Cu) (tedit 587D2992) (tstamp 5EE5750A)
    (at 210.312 150.495 180)
    (descr "Molex SMA Jack, Edge Mount, http://www.molex.com/pdm_docs/sd/732511150_sd.pdf")
    (tags "sma edge")
    (path /5ECA8DC7)
    (attr smd)
    (fp_text reference J4 (at -1.72 7.11) (layer F.SilkS)
      (effects (font (size 1 1) (thickness 0.15)))
    )
    (fp_text value ANT1 (at -1.72 -7.11) (layer F.Fab)
      (effects (font (size 1 1) (thickness 0.15)))
    )
    (fp_line (start -4.76 -0.38) (end 0.49 -0.38) (layer F.Fab) (width 0.1))
    (fp_line (start -4.76 0.38) (end 0.49 0.38) (layer F.Fab) (width 0.1))
    (fp_line (start 0.49 -0.38) (end 0.49 0.38) (layer F.Fab) (width 0.1))
    (fp_line (start 0.49 3.75) (end 0.49 4.76) (layer F.Fab) (width 0.1))
    (fp_line (start 0.49 -4.76) (end 0.49 -3.75) (layer F.Fab) (width 0.1))
    (fp_line (start -14.29 -6.09) (end -14.29 6.09) (layer F.CrtYd) (width 0.05))
    (fp_line (start -14.29 6.09) (end 2.71 6.09) (layer F.CrtYd) (width 0.05))
    (fp_line (start 2.71 -6.09) (end 2.71 6.09) (layer B.CrtYd) (width 0.05))
    (fp_line (start -14.29 -6.09) (end 2.71 -6.09) (layer B.CrtYd) (width 0.05))
    (fp_line (start -14.29 -6.09) (end -14.29 6.09) (layer B.CrtYd) (width 0.05))
    (fp_line (start -14.29 6.09) (end 2.71 6.09) (layer B.CrtYd) (width 0.05))
    (fp_line (start 2.71 -6.09) (end 2.71 6.09) (layer F.CrtYd) (width 0.05))
    (fp_line (start 2.71 -6.09) (end -14.29 -6.09) (layer F.CrtYd) (width 0.05))
    (fp_line (start -4.76 -3.75) (end 0.49 -3.75) (layer F.Fab) (width 0.1))
    (fp_line (start -4.76 3.75) (end 0.49 3.75) (layer F.Fab) (width 0.1))
    (fp_line (start -13.79 -2.65) (end -5.91 -2.65) (layer F.Fab) (width 0.1))
    (fp_line (start -13.79 -2.65) (end -13.79 2.65) (layer F.Fab) (width 0.1))
    (fp_line (start -13.79 2.65) (end -5.91 2.65) (layer F.Fab) (width 0.1))
    (fp_line (start -4.76 -3.75) (end -4.76 3.75) (layer F.Fab) (width 0.1))
    (fp_line (start 0.49 -4.76) (end -5.91 -4.76) (layer F.Fab) (width 0.1))
    (fp_line (start -5.91 -4.76) (end -5.91 4.76) (layer F.Fab) (width 0.1))
    (fp_line (start -5.91 4.76) (end 0.49 4.76) (layer F.Fab) (width 0.1))
    (pad 2 smd rect (at 1.27 4.38 180) (size 0.89 0.46) (layers B.Cu)
      (net 1 GNDREF))
    (pad 2 smd rect (at 1.27 -4.38 180) (size 0.89 0.46) (layers B.Cu)
      (net 1 GNDREF))
    (pad 2 smd rect (at 1.27 4.38 180) (size 0.89 0.46) (layers F.Cu)
      (net 1 GNDREF))
    (pad 2 smd rect (at 1.27 -4.38 180) (size 0.89 0.46) (layers F.Cu)
      (net 1 GNDREF))
    (pad 2 thru_hole circle (at 1.72 4.38 180) (size 0.97 0.97) (drill 0.46) (layers *.Cu)
      (net 1 GNDREF))
    (pad 2 thru_hole circle (at 1.72 -4.38 180) (size 0.97 0.97) (drill 0.46) (layers *.Cu)
      (net 1 GNDREF))
    (pad 2 smd rect (at -1.72 4.38 180) (size 5.08 2.42) (layers B.Cu B.Paste B.Mask)
      (net 1 GNDREF))
    (pad 2 smd rect (at -1.72 -4.38 180) (size 5.08 2.42) (layers B.Cu B.Paste B.Mask)
      (net 1 GNDREF))
    (pad 2 smd rect (at -1.72 4.38 180) (size 5.08 2.42) (layers F.Cu F.Paste F.Mask)
      (net 1 GNDREF))
    (pad 2 smd rect (at -1.72 -4.38 180) (size 5.08 2.42) (layers F.Cu F.Paste F.Mask)
      (net 1 GNDREF))
    (pad 1 smd rect (at -1.72 0 180) (size 5.08 2.29) (layers F.Cu F.Paste F.Mask)
      (net 14 "Net-(J4-Pad1)"))
    (model ${KISYS3DMOD}/Connectors_Molex.3dshapes/Molex_SMA_Jack_Edge_Mount.wrl
      (at (xyz 0 0 0))
      (scale (xyz 1 1 1))
      (rotate (xyz 0 0 0))
    )
  )

  (module Connectors_Molex:Molex_SMA_Jack_Edge_Mount (layer F.Cu) (tedit 587D2992) (tstamp 5EE5752F)
    (at 210.312 187.198 180)
    (descr "Molex SMA Jack, Edge Mount, http://www.molex.com/pdm_docs/sd/732511150_sd.pdf")
    (tags "sma edge")
    (path /5ECB368D)
    (attr smd)
    (fp_text reference J5 (at -1.72 7.11) (layer F.SilkS)
      (effects (font (size 1 1) (thickness 0.15)))
    )
    (fp_text value ANT2 (at -1.72 -7.11) (layer F.Fab)
      (effects (font (size 1 1) (thickness 0.15)))
    )
    (fp_line (start -5.91 4.76) (end 0.49 4.76) (layer F.Fab) (width 0.1))
    (fp_line (start -5.91 -4.76) (end -5.91 4.76) (layer F.Fab) (width 0.1))
    (fp_line (start 0.49 -4.76) (end -5.91 -4.76) (layer F.Fab) (width 0.1))
    (fp_line (start -4.76 -3.75) (end -4.76 3.75) (layer F.Fab) (width 0.1))
    (fp_line (start -13.79 2.65) (end -5.91 2.65) (layer F.Fab) (width 0.1))
    (fp_line (start -13.79 -2.65) (end -13.79 2.65) (layer F.Fab) (width 0.1))
    (fp_line (start -13.79 -2.65) (end -5.91 -2.65) (layer F.Fab) (width 0.1))
    (fp_line (start -4.76 3.75) (end 0.49 3.75) (layer F.Fab) (width 0.1))
    (fp_line (start -4.76 -3.75) (end 0.49 -3.75) (layer F.Fab) (width 0.1))
    (fp_line (start 2.71 -6.09) (end -14.29 -6.09) (layer F.CrtYd) (width 0.05))
    (fp_line (start 2.71 -6.09) (end 2.71 6.09) (layer F.CrtYd) (width 0.05))
    (fp_line (start -14.29 6.09) (end 2.71 6.09) (layer B.CrtYd) (width 0.05))
    (fp_line (start -14.29 -6.09) (end -14.29 6.09) (layer B.CrtYd) (width 0.05))
    (fp_line (start -14.29 -6.09) (end 2.71 -6.09) (layer B.CrtYd) (width 0.05))
    (fp_line (start 2.71 -6.09) (end 2.71 6.09) (layer B.CrtYd) (width 0.05))
    (fp_line (start -14.29 6.09) (end 2.71 6.09) (layer F.CrtYd) (width 0.05))
    (fp_line (start -14.29 -6.09) (end -14.29 6.09) (layer F.CrtYd) (width 0.05))
    (fp_line (start 0.49 -4.76) (end 0.49 -3.75) (layer F.Fab) (width 0.1))
    (fp_line (start 0.49 3.75) (end 0.49 4.76) (layer F.Fab) (width 0.1))
    (fp_line (start 0.49 -0.38) (end 0.49 0.38) (layer F.Fab) (width 0.1))
    (fp_line (start -4.76 0.38) (end 0.49 0.38) (layer F.Fab) (width 0.1))
    (fp_line (start -4.76 -0.38) (end 0.49 -0.38) (layer F.Fab) (width 0.1))
    (pad 1 smd rect (at -1.72 0 180) (size 5.08 2.29) (layers F.Cu F.Paste F.Mask)
      (net 15 "Net-(J5-Pad1)"))
    (pad 2 smd rect (at -1.72 -4.38 180) (size 5.08 2.42) (layers F.Cu F.Paste F.Mask)
      (net 1 GNDREF))
    (pad 2 smd rect (at -1.72 4.38 180) (size 5.08 2.42) (layers F.Cu F.Paste F.Mask)
      (net 1 GNDREF))
    (pad 2 smd rect (at -1.72 -4.38 180) (size 5.08 2.42) (layers B.Cu B.Paste B.Mask)
      (net 1 GNDREF))
    (pad 2 smd rect (at -1.72 4.38 180) (size 5.08 2.42) (layers B.Cu B.Paste B.Mask)
      (net 1 GNDREF))
    (pad 2 thru_hole circle (at 1.72 -4.38 180) (size 0.97 0.97) (drill 0.46) (layers *.Cu)
      (net 1 GNDREF))
    (pad 2 thru_hole circle (at 1.72 4.38 180) (size 0.97 0.97) (drill 0.46) (layers *.Cu)
      (net 1 GNDREF))
    (pad 2 smd rect (at 1.27 -4.38 180) (size 0.89 0.46) (layers F.Cu)
      (net 1 GNDREF))
    (pad 2 smd rect (at 1.27 4.38 180) (size 0.89 0.46) (layers F.Cu)
      (net 1 GNDREF))
    (pad 2 smd rect (at 1.27 -4.38 180) (size 0.89 0.46) (layers B.Cu)
      (net 1 GNDREF))
    (pad 2 smd rect (at 1.27 4.38 180) (size 0.89 0.46) (layers B.Cu)
      (net 1 GNDREF))
    (model ${KISYS3DMOD}/Connectors_Molex.3dshapes/Molex_SMA_Jack_Edge_Mount.wrl
      (at (xyz 0 0 0))
      (scale (xyz 1 1 1))
      (rotate (xyz 0 0 0))
    )
  )

  (module Pin_Headers:Pin_Header_Straight_1x03_Pitch2.54mm (layer F.Cu) (tedit 59650532) (tstamp 5EE57546)
    (at 93.646501 37.425001)
    (descr "Through hole straight pin header, 1x03, 2.54mm pitch, single row")
    (tags "Through hole pin header THT 1x03 2.54mm single row")
    (path /5EDC4001)
    (fp_text reference JP1 (at 0 -2.33) (layer F.SilkS)
      (effects (font (size 1 1) (thickness 0.15)))
    )
    (fp_text value Jumper_3_Bridged12 (at 0 7.41) (layer F.Fab)
      (effects (font (size 1 1) (thickness 0.15)))
    )
    (fp_line (start -0.635 -1.27) (end 1.27 -1.27) (layer F.Fab) (width 0.1))
    (fp_line (start 1.27 -1.27) (end 1.27 6.35) (layer F.Fab) (width 0.1))
    (fp_line (start 1.27 6.35) (end -1.27 6.35) (layer F.Fab) (width 0.1))
    (fp_line (start -1.27 6.35) (end -1.27 -0.635) (layer F.Fab) (width 0.1))
    (fp_line (start -1.27 -0.635) (end -0.635 -1.27) (layer F.Fab) (width 0.1))
    (fp_line (start -1.33 6.41) (end 1.33 6.41) (layer F.SilkS) (width 0.12))
    (fp_line (start -1.33 1.27) (end -1.33 6.41) (layer F.SilkS) (width 0.12))
    (fp_line (start 1.33 1.27) (end 1.33 6.41) (layer F.SilkS) (width 0.12))
    (fp_line (start -1.33 1.27) (end 1.33 1.27) (layer F.SilkS) (width 0.12))
    (fp_line (start -1.33 0) (end -1.33 -1.33) (layer F.SilkS) (width 0.12))
    (fp_line (start -1.33 -1.33) (end 0 -1.33) (layer F.SilkS) (width 0.12))
    (fp_line (start -1.8 -1.8) (end -1.8 6.85) (layer F.CrtYd) (width 0.05))
    (fp_line (start -1.8 6.85) (end 1.8 6.85) (layer F.CrtYd) (width 0.05))
    (fp_line (start 1.8 6.85) (end 1.8 -1.8) (layer F.CrtYd) (width 0.05))
    (fp_line (start 1.8 -1.8) (end -1.8 -1.8) (layer F.CrtYd) (width 0.05))
    (fp_text user %R (at 0 2.54 90) (layer F.Fab)
      (effects (font (size 1 1) (thickness 0.15)))
    )
    (pad 3 thru_hole oval (at 0 5.08) (size 1.7 1.7) (drill 1) (layers *.Cu *.Mask)
      (net 16 "Net-(JP1-Pad3)"))
    (pad 2 thru_hole oval (at 0 2.54) (size 1.7 1.7) (drill 1) (layers *.Cu *.Mask)
      (net 17 +5V))
    (pad 1 thru_hole rect (at 0 0) (size 1.7 1.7) (drill 1) (layers *.Cu *.Mask)
      (net 11 "Net-(J1-Pad1)"))
    (model ${KISYS3DMOD}/Pin_Headers.3dshapes/Pin_Header_Straight_1x03_Pitch2.54mm.wrl
      (at (xyz 0 0 0))
      (scale (xyz 1 1 1))
      (rotate (xyz 0 0 0))
    )
  )

  (module Relays_SMD:Relay_SPDT_AXICOM_HF3Series_50ohms_Pitch1.27mm (layer F.Cu) (tedit 59B70181) (tstamp 5EED42BE)
    (at 123.698 149.352)
    (descr hiqsdr.com/images/3/3e/Axicom-HF3.pdf)
    (tags "AXICOM HF3-Series Relay Pitch 1.27mm 50ohms")
